_____ TEST CASE #1 _____
1
2 1
_____ TEST CASE #2 _____
4
3 4
3 4
3 4
3 4
_____ TEST CASE #3 _____
4
2 1
3 2
4 3
5 4
_____ TEST CASE #4 _____
0
_____ TEST CASE #5 _____
7
3 4
3 4
5 4
5 4
5 4
5 4
5 4
_____ TEST CASE #6 _____
11
6 5
6 5
7 5
7 5
7 5
8 7
8 7
9 8
9 8
10 9
10 9
_____ TEST CASE #7 _____
9
3 2
4 3
4 3
5 4
5 4
6 5
6 5
7 6
7 6
_____ TEST CASE #8 _____
2
2 1
3 2
_____ TEST CASE #9 _____
26
2 12
3 12
4 3
4 3
5 4
6 5
6 5
7 6
8 7
8 7
9 8
10 9
11 10
11 10
12 11
13 12
13 12
14 13
15 14
16 15
17 16
17 16
18 17
18 17
19 18
20 19
_____ TEST CASE #10 _____
26
2 20
3 20
6 20
6 20
7 6
8 7
8 7
9 8
10 9
10 9
11 10
11 10
12 11
12 11
13 12
14 13
14 13
15 14
15 14
16 15
17 16
17 16
18 17
19 18
19 18
20 19
74.8859ms
