_____ TEST CASE #1 _____
1 2
2 1 1 
1 1 1 

_____ TEST CASE #2 _____
7 4
2 2 1 2 
1 2 1 2 
2 1 1 2 
1 1 1 2 

_____ TEST CASE #3 _____
22 6
2 3 1 2 3 
1 3 1 2 3 
2 2 1 2 3 
1 2 1 2 3 
2 1 1 2 3 
1 1 1 2 3 

_____ TEST CASE #4 _____
50 8
2 4 1 2 3 4 
1 4 1 2 3 4 
2 3 1 2 3 4 
1 3 1 2 3 4 
2 2 1 2 3 4 
1 2 1 2 3 4 
2 1 1 2 3 4 
1 1 1 2 3 4 

_____ TEST CASE #5 _____
95 10
2 5 1 2 3 4 5 
1 5 1 2 3 4 5 
2 4 1 2 3 4 5 
1 4 1 2 3 4 5 
2 3 1 2 3 4 5 
1 3 1 2 3 4 5 
2 2 1 2 3 4 5 
1 2 1 2 3 4 5 
2 1 1 2 3 4 5 
1 1 1 2 3 4 5 

0.0566ms
